  0   0 255   0   0 255   0   0 255 255   0 255 255   0 255 255
  0   0 255   0   0 255   0   0 255 255   0 255 255   0 255 255
255 255   0 255 255   0 255 255   0   0 255   0   0 255   0   0
  0   0 255   0   0 255   0   0 255 255   0 255 255   0 255 255
  0   0 255   0   0 255   0   0 255 255   0 255 255   0 255 255
255 255   0 255 255   0 255 255   0   0 255   0   0 255   0   0
  0   0 255   0   0 255   0   0 255 255   0 255 255   0 255 255
  0   0 255   0   0 255   0   0 255 255   0 255 255   0 255 255
255 255   0 255 255   0 255 255   0   0 255   0   0 255   0   0
255 255   0 255 255   0 255 255   0   0 255   0   0 255   0   0
  0   0 255   0   0 255   0   0 255 255   0 255 255   0 255 255
255 255   0 255 255   0 255 255   0   0 255   0   0 255   0   0
255 255   0 255 255   0 255 255   0   0 255   0   0 255   0   0
  0   0 255   0   0 255   0   0 255 255   0 255 255   0 255 255
255 255   0 255 255   0 255 255   0   0 255   0   0 255   0   0
255 255   0 255 255   0 255 255   0   0 255   0   0 255   0   0
  0   0 255   0   0 255   0   0 255 255   0 255 255   0 255 255
  0   0 255   0   0 255   0   0 255 255   0 255 255   0 255 255
255 255   0 255 255   0 255 255   0   0 255   0   0 255   0   0
  0   0 255   0   0 255   0   0 255 255   0 255 255   0 255 255
  0   0 255   0   0 255   0   0 255 255   0 255 255   0 255 255
255 255   0 255 255   0 255 255   0   0 255   0   0 255   0   0
  0   0 255   0   0 255   0   0 255 255   0 255 255   0 255 255
  0   0 255   0   0 255   0   0 255 255   0 255 255   0 255 255
255 255   0 255 255   0 255 255   0   0 255   0   0 255   0   0
255 255   0 255 255   0 255 255   0   0 255   0   0 255   0   0
  0   0 255   0   0 255   0   0 255 255   0 255 255   0 255 255
255 255   0 255 255   0 255 255   0   0 255   0   0 255   0   0
255 255   0 255 255   0 255 255   0   0 255   0   0 255   0   0
  0   0 255   0   0 255   0   0 255 255   0 255 255   0 255 255
255 255   0 255 255   0 255 255   0   0 255   0   0 255   0   0
255 255   0 255 255   0 255 255   0   0 255   0   0 255   0   0
  0   0 255   0   0 255   0   0 255 255   0 255 255   0 255 255
  0   0 255   0   0 255   0   0 255 255   0 255 255   0 255 255
255 255   0 255 255   0 255 255   0   0 255   0   0 255   0   0
  0   0 255   0   0 255   0   0 255 255   0 255 255   0 255 255
  0   0 255   0   0 255   0   0 255 255   0 255 255   0 255 255
255 255   0 255 255   0 255 255   0   0 255   0   0 255   0   0
  0   0 255   0   0 255   0   0 255 255   0 255 255   0 255 255
  0   0 255   0   0 255   0   0 255 255   0 255 255   0 255 255
255 255   0 255 255   0 255 255   0   0 255   0   0 255   0   0
255 255   0 255 255   0 255 255   0   0 255   0   0 255   0   0
  0   0 255   0   0 255   0   0 255 255   0 255 255   0 255 255
255 255   0 255 255   0 255 255   0   0 255   0   0 255   0   0
255 255   0 255 255   0 255 255   0   0 255   0   0 255   0   0
  0   0 255   0   0 255   0   0 255 255   0 255 255   0 255 255
255 255   0 255 255   0 255 255   0   0 255   0   0 255   0   0
255 255   0 255 255   0 255 255   0   0 255   0   0 255   0   0

255 255   0 255 255   0 255 255   0   0 255   0   0 255   0   0
255 255   0 255 255   0 255 255   0   0 255   0   0 255   0   0
  0   0 255   0   0 255   0   0 255 255   0 255 255   0 255 255
255 255   0 255 255   0 255 255   0   0 255   0   0 255   0   0
255 255   0 255 255   0 255 255   0   0 255   0   0 255   0   0
  0   0 255   0   0 255   0   0 255 255   0 255 255   0 255 255
255 255   0 255 255   0 255 255   0   0 255   0   0 255   0   0
255 255   0 255 255   0 255 255   0   0 255   0   0 255   0   0
  0   0 255   0   0 255   0   0 255 255   0 255 255   0 255 255
  0   0 255   0   0 255   0   0 255 255   0 255 255   0 255 255
255 255   0 255 255   0 255 255   0   0 255   0   0 255   0   0
  0   0 255   0   0 255   0   0 255 255   0 255 255   0 255 255
  0   0 255   0   0 255   0   0 255 255   0 255 255   0 255 255
255 255   0 255 255   0 255 255   0   0 255   0   0 255   0   0
  0   0 255   0   0 255   0   0 255 255   0 255 255   0 255 255
  0   0 255   0   0 255   0   0 255 255   0 255 255   0 255 255
255 255   0 255 255   0 255 255   0   0 255   0   0 255   0   0
255 255   0 255 255   0 255 255   0   0 255   0   0 255   0   0
  0   0 255   0   0 255   0   0 255 255   0 255 255   0 255 255
255 255   0 255 255   0 255 255   0   0 255   0   0 255   0   0
255 255   0 255 255   0 255 255   0   0 255   0   0 255   0   0
  0   0 255   0   0 255   0   0 255 255   0 255 255   0 255 255
255 255   0 255 255   0 255 255   0   0 255   0   0 255   0   0
255 255   0 255 255   0 255 255   0   0 255   0   0 255   0   0
  0   0 255   0   0 255   0   0 255 255   0 255 255   0 255 255
  0   0 255   0   0 255   0   0 255 255   0 255 255   0 255 255
255 255   0 255 255   0 255 255   0   0 255   0   0 255   0   0
  0   0 255   0   0 255   0   0 255 255   0 255 255   0 255 255
  0   0 255   0   0 255   0   0 255 255   0 255 255   0 255 255
255 255   0 255 255   0 255 255   0   0 255   0   0 255   0   0
  0   0 255   0   0 255   0   0 255 255   0 255 255   0 255 255
  0   0 255   0   0 255   0   0 255 255   0 255 255   0 255 255
255 255   0 255 255   0 255 255   0   0 255   0   0 255   0   0
255 255   0 255 255   0 255 255   0   0 255   0   0 255   0   0
  0   0 255   0   0 255   0   0 255 255   0 255 255   0 255 255
255 255   0 255 255   0 255 255   0   0 255   0   0 255   0   0
255 255   0 255 255   0 255 255   0   0 255   0   0 255   0   0
  0   0 255   0   0 255   0   0 255 255   0 255 255   0 255 255
255 255   0 255 255   0 255 255   0   0 255   0   0 255   0   0
255 255   0 255 255   0 255 255   0   0 255   0   0 255   0   0
  0   0 255   0   0 255   0   0 255 255   0 255 255   0 255 255
  0   0 255   0   0 255   0   0 255 255   0 255 255   0 255 255
255 255   0 255 255   0 255 255   0   0 255   0   0 255   0   0
  0   0 255   0   0 255   0   0 255 255   0 255 255   0 255 255
  0   0 255   0   0 255   0   0 255 255   0 255 255   0 255 255
255 255   0 255 255   0 255 255   0   0 255   0   0 255   0   0
  0   0 255   0   0 255   0   0 255 255   0 255 255   0 255 255
  0   0 255   0   0 255   0   0 255 255   0 255 255   0 255 255

 12 116 219  64  65 243 128  59 202 115   6 192 178  31 149 245
116 126 135 121 121 137 126 120 133 126 116 132 131 118 129 137
219 135  53 178 176  33 126 181  66 136 224  74  85 204 109  32
 64 121 178  92  92 191 127  89 168 120  60 163 155  74 139 192
 65 121 176  92  94 189 127  90 167 121  62 161 154  75 138 190
243 137  33 191 189  10 126 196  50 138 249  60  74 224 104   8
128 126 126 127 127 126 127 127 126 127 128 126 126 127 127 126
 59 120 181  89  90 196 127  86 172 120  55 166 157  70 140 197
202 133  66 168 167  50 126 172  77 134 207  83  93 190 112  49
115 126 136 120 121 138 127 120 134 126 115 133 132 117 128 138
  6 116 224  60  62 249 128  55 207 115   0 196 181  26 150 251
192 132  74 163 161  60 126 166  83 133 196  89  97 181 114  59
178 131  85 155 154  74 126 157  93 132 181  97 103 170 117  74
 31 118 204  74  75 224 127  70 190 117  26 181 170  47 145 225
149 129 109 139 138 104 127 140 112 128 150 114 117 145 122 104
245 137  32 192 190   8 126 197  49 138 251  59  74 225 104   6
 12 116 219  64  65 243 128  59 202 115   6 192 178  31 149 245
116 126 135 121 121 137 126 120 133 126 116 132 131 118 129 137
219 135  53 178 176  33 126 181  66 136 224  74  85 204 109  32
 64 121 178  92  92 191 127  89 168 120  60 163 155  74 139 192
 65 121 176  92  94 189 127  90 167 121  62 161 154  75 138 190
243 137  33 191 189  10 126 196  50 138 249  60  74 224 104   8
128 126 126 127 127 126 127 127 126 127 128 126 126 127 127 126
 59 120 181  89  90 196 127  86 172 120  55 166 157  70 140 197
202 133  66 168 167  50 126 172  77 134 207  83  93 190 112  49
115 126 136 120 121 138 127 120 134 126 115 133 132 117 128 138
  6 116 224  60  62 249 128  55 207 115   0 196 181  26 150 251
192 132  74 163 161  60 126 166  83 133 196  89  97 181 114  59
178 131  85 155 154  74 126 157  93 132 181  97 103 170 117  74
 31 118 204  74  75 224 127  70 190 117  26 181 170  47 145 225
149 129 109 139 138 104 127 140 112 128 150 114 117 145 122 104
245 137  32 192 190   8 126 197  49 138 251  59  74 225 104   6
 12 116 219  64  65 243 128  59 202 115   6 192 178  31 149 245
116 126 135 121 121 137 126 120 133 126 116 132 131 118 129 137
219 135  53 178 176  33 126 181  66 136 224  74  85 204 109  32
 64 121 178  92  92 191 127  89 168 120  60 163 155  74 139 192
 65 121 176  92  94 189 127  90 167 121  62 161 154  75 138 190
243 137  33 191 189  10 126 196  50 138 249  60  74 224 104   8
128 126 126 127 127 126 127 127 126 127 128 126 126 127 127 126
 59 120 181  89  90 196 127  86 172 120  55 166 157  70 140 197
202 133  66 168 167  50 126 172  77 134 207  83  93 190 112  49
115 126 136 120 121 138 127 120 134 126 115 133 132 117 128 138
  6 116 224  60  62 249 128  55 207 115   0 196 181  26 150 251
192 132  74 163 161  60 126 166  83 133 196  89  97 181 114  59
178 131  85 155 154  74 126 157  93 132 181  97 103 170 117  74
 31 118 204  74  75 224 127  70 190 117  26 181 170  47 145 225
149 129 109 139 138 104 127 140 112 128 150 114 117 145 122 104
245 137  32 192 190   8 126 197  49 138 251  59  74 225 104   6

245 137  32 192 190   8 126 197  49 138 251  59  74 225 104   6
149 129 109 139 138 104 127 140 112 128 150 114 117 145 122 104
 31 118 204  74  75 224 127  70 190 117  26 181 170  47 145 225
178 131  85 155 154  74 126 157  93 132 181  97 103 170 117  74
192 132  74 163 161  60 126 166  83 133 196  89  97 181 114  59
  6 116 224  60  62 249 128  55 207 115   0 196 181  26 150 251
115 126 136 120 121 138 127 120 134 126 115 133 132 117 128 138
202 133  66 168 167  50 126 172  77 134 207  83  93 190 112  49
 59 120 181  89  90 196 127  86 172 120  55 166 157  70 140 197
128 126 126 127 127 126 127 127 126 127 128 126 126 127 127 126
243 137  33 191 189  10 126 196  50 138 249  60  74 224 104   8
 65 121 176  92  94 189 127  90 167 121  62 161 154  75 138 190
 64 121 178  92  92 191 127  89 168 120  60 163 155  74 139 192
219 135  53 178 176  33 126 181  66 136 224  74  85 204 109  32
116 126 135 121 121 137 126 120 133 126 116 132 131 118 129 137
 12 116 219  64  65 243 128  59 202 115   6 192 178  31 149 245
245 137  32 192 190   8 126 197  49 138 251  59  74 225 104   6
149 129 109 139 138 104 127 140 112 128 150 114 117 145 122 104
 31 118 204  74  75 224 127  70 190 117  26 181 170  47 145 225
178 131  85 155 154  74 126 157  93 132 181  97 103 170 117  74
192 132  74 163 161  60 126 166  83 133 196  89  97 181 114  59
  6 116 224  60  62 249 128  55 207 115   0 196 181  26 150 251
115 126 136 120 121 138 127 120 134 126 115 133 132 117 128 138
202 133  66 168 167  50 126 172  77 134 207  83  93 190 112  49
 59 120 181  89  90 196 127  86 172 120  55 166 157  70 140 197
128 126 126 127 127 126 127 127 126 127 128 126 126 127 127 126
243 137  33 191 189  10 126 196  50 138 249  60  74 224 104   8
 65 121 176  92  94 189 127  90 167 121  62 161 154  75 138 190
 64 121 178  92  92 191 127  89 168 120  60 163 155  74 139 192
219 135  53 178 176  33 126 181  66 136 224  74  85 204 109  32
116 126 135 121 121 137 126 120 133 126 116 132 131 118 129 137
 12 116 219  64  65 243 128  59 202 115   6 192 178  31 149 245
245 137  32 192 190   8 126 197  49 138 251  59  74 225 104   6
149 129 109 139 138 104 127 140 112 128 150 114 117 145 122 104
 31 118 204  74  75 224 127  70 190 117  26 181 170  47 145 225
178 131  85 155 154  74 126 157  93 132 181  97 103 170 117  74
192 132  74 163 161  60 126 166  83 133 196  89  97 181 114  59
  6 116 224  60  62 249 128  55 207 115   0 196 181  26 150 251
115 126 136 120 121 138 127 120 134 126 115 133 132 117 128 138
202 133  66 168 167  50 126 172  77 134 207  83  93 190 112  49
 59 120 181  89  90 196 127  86 172 120  55 166 157  70 140 197
128 126 126 127 127 126 127 127 126 127 128 126 126 127 127 126
243 137  33 191 189  10 126 196  50 138 249  60  74 224 104   8
 65 121 176  92  94 189 127  90 167 121  62 161 154  75 138 190
 64 121 178  92  92 191 127  89 168 120  60 163 155  74 139 192
219 135  53 178 176  33 126 181  66 136 224  74  85 204 109  32
116 126 135 121 121 137 126 120 133 126 116 132 131 118 129 137
 12 116 219  64  65 243 128  59 202 115   6 192 178  31 149 245
